1.23060 0.71050 0.00000
1.23060 2.13150 0.00000
0.00000 2.84200 0.00000
1.23060 4.97350 0.00000
0.00000 4.26300 0.00000
1.23060 6.39450 0.00000
0.00000 7.10500 0.00000
1.23060 9.23650 0.00000
0.00000 8.52600 0.00000
1.23060 10.65750 0.00000
0.00000 11.36800 0.00000
1.23060 13.49950 0.00000
0.00000 12.78900 0.00000
3.69190 0.71050 0.00000
2.46120 0.00000 0.00000
3.69190 2.13150 0.00000
2.46120 2.84200 0.00000
3.69190 4.97350 0.00000
2.46120 4.26300 0.00000
3.69190 6.39450 0.00000
2.46120 7.10500 0.00000
3.69190 9.23650 0.00000
2.46120 8.52600 0.00000
3.69190 10.65750 0.00000
2.46120 11.36800 0.00000
3.69190 13.49950 0.00000
2.46120 12.78900 0.00000
6.15310 0.71050 0.00000
4.92250 0.00000 0.00000
6.15310 2.13150 0.00000
4.92250 2.84200 0.00000
6.15310 4.97350 0.00000
4.92250 4.26300 0.00000
6.15310 6.39450 0.00000
4.92250 7.10500 0.00000
6.15310 9.23650 0.00000
4.92250 8.52600 0.00000
6.15310 10.65750 0.00000
4.92250 11.36800 0.00000
6.15310 13.49950 0.00000
4.92250 12.78900 0.00000
8.61440 0.71050 0.00000
7.38370 0.00000 0.00000
8.61440 2.13150 0.00000
7.38370 2.84200 0.00000
8.61440 4.97350 0.00000
7.38370 4.26300 0.00000
8.61440 6.39450 0.00000
7.38370 7.10500 0.00000
8.61440 9.23650 0.00000
7.38370 8.52600 0.00000
8.61440 10.65750 0.00000
7.38370 11.36800 0.00000
8.61440 13.49950 0.00000
7.38370 12.78900 0.00000
11.07560 0.71050 0.00000
9.84500 0.00000 0.00000
11.07560 2.13150 0.00000
9.84500 2.84200 0.00000
11.07560 4.97350 0.00000
9.84500 4.26300 0.00000
11.07560 6.39450 0.00000
9.84500 7.10500 0.00000
11.07560 9.23650 0.00000
9.84500 8.52600 0.00000
11.07560 10.65750 0.00000
9.84500 11.36800 0.00000
11.07560 13.49950 0.00000
9.84500 12.78900 0.00000
13.53680 0.71050 0.00000
12.30620 0.00000 0.00000
13.53680 2.13150 0.00000
12.30620 2.84200 0.00000
13.53680 4.97350 0.00000
12.30620 4.26300 0.00000
13.53680 6.39450 0.00000
12.30620 7.10500 0.00000
13.53680 9.23650 0.00000
12.30620 8.52600 0.00000
13.53680 10.65750 0.00000
12.30620 11.36800 0.00000
12.30620 12.78900 0.00000
