0.00000 0.71050 0.00000
0.00000 2.13150 0.00000
0.00000 4.97350 0.00000
0.00000 6.39450 0.00000
2.46130 0.71050 0.00000
1.23060 0.00000 0.00000
2.46130 2.13150 0.00000
1.23060 2.84200 0.00000
2.46130 4.97350 0.00000
1.23060 4.26300 0.00000
2.46130 6.39450 0.00000
1.23060 7.10500 0.00000
4.92250 0.71050 0.00000
3.69190 0.00000 0.00000
4.92250 2.13150 0.00000
3.69190 2.84200 0.00000
4.92250 4.97350 0.00000
3.69190 4.26300 0.00000
4.92250 6.39450 0.00000
3.69190 7.10500 0.00000
6.15310 2.84200 0.00000
6.15310 4.26300 0.00000
